20150909
20160126
20160127
20160128
20160129
20160201
20160601
20160614
20160615
20160616
20160620
20160621
20160622
20160623
20160628
20170124
20170125
20170126
20170127
20170613
20170614
20170615
20170616
20170619
20170620
20170628
20170907
20171109
20171110
20171113
20171114
20171115
20171116
20171129
20171130
20180122
20180123
20180124
20180125
20180129
20180308
20180309
20180312
20180314
20180315
20180605
20180612
20180613
20180614
20180618
20180619
20180620
20180621
20180626
20180905
20181114
20181115
20181119
20181120
20181127
20181128
20181129
20181130
20190122
20190123
20190124
20190125
20190304
20190305
20190307
20190308
20190313
20190314
20190326
20190327
20190603
20190618
20190619
20190620
20190621
20190624
20190625
20190626